Ticker,Cluster,Average Return
REFEX.NS,6,4.3686862747434825
PGEL.NS,6,4.02116578480077
KITEX.NS,6,3.893816835963057
INDOTHAI.NS,6,3.7746631722052815
PCJEWELLER.NS,6,3.650301430753872
